224k	25561	14779	10472	7918	6335	5304	4613	4075	3750	3480	3271	3085	2980	2889	2840	
208k	24554	14611	10329	7773	6269	5238	4561	4031	3750	3591	3410	3193	3061	2955	2887	
192k	25636	15124	10913	8501	6787	5692	4950	4425	4104	3889	3616	3398	3317	3192	3065	
176k	26142	16383	12801	10017	7979	6821	6037	5430	4942	4845	4609	4488	4442	4414	4393	
160k	31665	22262	18222	14776	11202	9843	8828	7837	8077	8311	8373	8166	8132	8111	8039	
144k	44248	33660	27789	22165	18447	16045	14050	12457	11943	11499	11092	10705	10457	10208	10038	
128k	44472	33788	27935	22313	18605	16052	14051	12484	11955	11486	11092	10704	10436	10218	10062	
112k	44453	33256	27714	22325	18577	16161	14191	12549	12005	11527	11104	10686	10403	10202	10023	
96k	44596	33523	28072	22769	18969	16482	14363	12313	12091	11972	11739	11696	11439	11469	11643	
80k	49344	38239	35022	31369	27844	24447	21797	19308	19243	19562	19699	20946	21555	21707	21079	
64k	51594	41869	40376	38405	35088	31260	28385	24331	24128	24675	23952	24343	24606	23627	23548	
48k	51668	41786	40668	37404	32399	28908	24796	22232	21353	21437	20907	21540	21803	24116	45138	
32k	64824	62887	63008	60710	59279	56420	56021	52615	54369	55371	63756	62251	56134	53358	59691	
16k	64427	62389	60648	58679	56612	62622	53358	56779	54369	58993	55710	53134	56460	55664	58447